12
20
0 30 49 196 gland.jpg
1 38 728 514 gendarme.jpg
2 51 487 167 champignon.jpg
3 44 52 422 chevreuil.jpg
4 74 65 35 renard.jpg
5 62 544 390 taupe.jpg
6 81 282 334 sanglier.jpg
7 70 301 40 lievre.jpg
8 21 686 286 ecureuil.jpg
9 32 691 72 vers_terre.jpg
10 18 322 497 pipit_arbre.jpg
11 21 537 -1 mure.jpg
0 6 0 0 0.56
1 8 0 62.5 0.67
2 3 0 40.625 0.08
3 3 11 28.125 0.02
4 10 1 0 0.43
5 4 11 37.5 0.62
6 4 7 59.375 0.81
7 4 5 46.875 0.7
8 5 9 56.25 0.04
9 7 11 25 0.32
10 7 2 68.75 0.5
11 6 5 43.75 0.21
12 6 9 34.375 7.29826e-039
13 6 0 68.75 0
14 6 7 87.5 6.91638e-039
15 10 1 21.875 6.98963e-039
16 10 9 50 -5.43372e-019
17 5 1 40.625 -3.85409e-034
18 8 1 50 0
19 9 11 18.75 7.42153e-039
